# deli	frac	dwell	dt	stdev
2.945639147735578920e-10	5.847337488026402852e-01	1.880398495681203485e+03	0.000000000000000000e+00	2.375157077974018038e-01
2.964905958597922498e-10	5.825756049412366133e-01	4.837196130243095467e+03	1.143498285201371839e-01	2.111836277705106957e-01
2.984353496465787305e-10	5.804984119517715424e-01	4.309196552642757524e+03	2.847458522033182171e-01	1.983891331683524106e-01
2.955084711362495185e-10	5.814190736675910465e-01	5.522155582275534471e+03	8.794624964300028214e-02	1.874358738253042445e-01
2.818315823242261006e-10	5.725107253572649935e-01	5.039515968387225257e+03	2.367686905850475421e-01	2.123469989530613333e-01
2.807701676756522424e-10	5.648434278599028247e-01	4.601276318978944801e+03	2.651757878593697382e-01	2.303205314729343811e-01
2.891617883230697455e-10	5.759751308210306897e-01	5.731915414467668597e+03	1.698152241478206870e+00	2.300305831407591650e-01
2.882487413439676806e-10	5.780316080447462923e-01	6.527514777988177229e+03	4.680020255983795285e-02	2.066829850835256444e-01
2.889799964125372450e-10	5.738964921802999219e-01	6.092635125891899406e+03	1.311769350584519600e-01	2.242167646755430788e-01
2.902722489351626584e-10	5.728529812081681882e-01	6.166075067139946441e+03	5.816083347133322451e-02	2.163170771343941867e-01
2.820087281091462037e-10	5.626738896982239613e-01	4.712876229699016221e+03	3.690069047944761343e-02	2.266308209667657336e-01
2.798019713710156688e-10	5.514104329811109206e-01	1.231199015040787970e+02	1.573313941348847000e-01	5.769910248412742915e-01
2.828946603862843700e-10	5.636285968243248679e-01	5.830075335939731303e+03	2.145775883379293369e-01	2.194405950354328116e-01
2.765924766691036374e-10	5.532092065896991873e-01	5.725195419843664240e+03	5.093851924918459811e-02	2.191746478725897229e-01
2.895193376465226842e-10	5.716784318022585243e-01	8.133353493317204993e+03	6.023347181322254856e-02	2.121185531046376749e-01
2.804683736411043947e-10	5.659289665866734653e-01	6.644634684292252132e+03	4.032951973638421173e-01	2.217842157684784543e-01
2.824128026088092856e-10	5.837088820977285319e-01	5.713915428867657283e+03	2.977552817957745401e-01	2.422047037443455786e-01
2.798644980074076113e-10	5.637081693956605966e-01	5.742955405635675561e+03	5.326795738563409183e-02	2.147877043270131903e-01
2.802524469849434635e-10	5.629445252284681622e-01	6.029275176579858453e+03	4.861388110889511283e-02	1.933461456093842346e-01
2.795638822247561075e-10	5.609083829793404252e-01	6.206875034499972571e+03	5.973283221373423130e-02	2.145053075928503861e-01
2.791518880831084561e-10	5.673331693098603301e-01	7.433514053188757316e+03	3.116277506977994591e-02	2.190725943511071805e-01
2.794813101548898742e-10	5.649507489649518988e-01	6.237595009923991711e+03	1.674579460336431680e-01	1.952677491712415669e-01
2.801712181411994646e-10	5.681655090348581849e-01	6.739914608068313100e+03	3.010293591765126481e-02	2.016812778492509117e-01
2.862455435124759610e-10	5.698180610726213402e-01	8.382713293829365284e+03	9.360472511621990843e-02	2.072224081231098525e-01
2.886059229600622251e-10	5.699480972737566153e-01	5.546875562499550142e+03	1.716243427005258448e-01	2.022198744768578249e-01
2.853921076590839065e-10	5.690979314639812436e-01	4.851356118915105071e+03	1.198919040864767360e-01	2.197759550243224835e-01
2.750360055395818061e-10	5.554815960921853923e-01	4.849916120067104202e+03	2.779644176284659096e-01	2.217143738625481642e-01
2.767210526366580295e-10	5.563323038023894052e-01	4.853276117379105926e+03	1.940398447681241853e-02	2.297901569656767284e-01
2.751575960733786668e-10	5.559274400565168417e-01	6.519594784324172906e+03	6.916026467178826298e-02	2.197053437546674370e-01
2.898129652031066299e-10	5.880277518350945920e-01	6.657834673732260853e+03	3.707322634141892448e-01	2.106674002919510791e-01
2.827291928106062019e-10	5.666111837450571453e-01	5.825755339395728697e+03	4.633673893060885618e-01	2.164239648603177857e-01
2.794302515688442564e-10	5.601058284892659334e-01	5.667115466307626775e+03	1.348563721149023120e-01	2.229133093705809310e-01
2.896381263323406053e-10	5.765452669778188266e-01	5.975515219587824504e+03	2.430518855584915539e-01	2.035954724701588003e-01
2.872333716657321344e-10	5.737264657662013434e-01	5.986555210755831467e+03	9.840184127852698304e-02	2.021315923692648397e-01
2.845896750487754248e-10	5.701668578194132309e-01	6.288954968836024818e+03	2.620293903764877100e-02	2.198100812503313295e-01
2.866498291957492013e-10	5.727513802691522882e-01	5.672395462083630264e+03	3.513765188987848925e-02	2.387933925690854109e-01
2.835350169800446780e-10	5.640098843983167853e-01	1.991998406401274835e+01	1.147410282071774368e-01	1.123345318111903968e+00
2.842856832009485151e-10	5.658519182390517877e-01	5.916475266819786157e+03	1.390050087959929515e-01	2.137723775688072647e-01
2.882820091720791858e-10	5.691500378812803795e-01	4.971356022915181711e+03	1.026207979033616768e-01	2.032353626331749041e-01
2.882271421835961111e-10	5.677804922286949774e-01	4.042796765762587256e+03	2.353546117163106133e-01	2.111841008103957917e-01
2.845826112895577814e-10	5.688737569302945163e-01	4.403036477570817624e+03	2.837469730024215833e-02	2.159308921465676046e-01
2.758188234514080050e-10	5.600511386745230524e-01	5.842795325763739129e+03	1.116315906947274450e-01	2.171467346206582272e-01
2.611598864146915987e-10	5.255776656040418437e-01	1.634398692481045998e+02	8.025305579755535879e-02	4.312159949736951714e-01
2.761712676594216917e-10	5.557591319843077082e-01	5.274955780035375938e+03	2.886285690971447382e-01	2.257897120319390105e-01
2.884432863001977365e-10	5.754157245014277500e-01	5.426875658499473502e+03	5.249563800348959475e-02	2.213588292205736219e-01
2.739997322681413595e-10	5.456684036493043566e-01	5.305435755651395084e+03	9.022000782399373919e-02	2.423362622319690241e-01
2.831012755854982667e-10	5.613175689892969666e-01	6.417594865924107580e+03	1.092983125613499439e-02	2.780528549447225939e-01
2.843184749841242185e-10	5.572594443311273960e-01	5.080075935939251394e+03	2.733631413094869678e-01	2.183815677052310111e-01
2.899442621433769481e-10	5.650144098451903574e-01	3.926156859074512795e+03	2.102854317716545962e-01	2.106500807452848789e-01
2.896372005258647524e-10	5.741835508166948099e-01	6.894714484228412402e+03	4.364862108110313388e-01	1.937900905035445931e-01
2.846896542719382584e-10	5.695401381159262977e-01	6.209755032195974309e+03	7.398474081220735368e-03	1.960496974182126817e-01
2.928993705127534704e-10	5.797643358271437064e-01	7.636793890564887988e+03	6.142147086282331164e-02	2.042781987448185343e-01
2.800252834053215623e-10	5.625032837430772314e-01	5.296315762947389885e+03	6.917838465729226893e-01	2.140709829357254623e-01
